# Positions to export the mean intensity field 
# column 1: position x (kpc) 
# column 2: position y (kpc) 
# column 3: position z (kpc) 
0.0 0.0 0.0 
1.0 0.0 0.0 
2.0 0.0 0.0 
3.0 0.0 0.0 
4.0 0.0 0.0 
5.0 0.0 0.0 
6.0 0.0 0.0 
7.0 0.0 0.0 
8.0 0.0 0.0 
9.0 0.0 0.0 
10.0 0.0 0.0 
11.0 0.0 0.0 
12.0 0.0 0.0 
13.0 0.0 0.0 
14.0 0.0 0.0 
15.0 0.0 0.0 
16.0 0.0 0.0 
17.0 0.0 0.0 
18.0 0.0 0.0 
19.0 0.0 0.0 
20.0 0.0 0.0 
21.0 0.0 0.0 
22.0 0.0 0.0 
23.0 0.0 0.0 
0.0 0.0 0.2 
0.0 0.0 0.4 
0.0 0.0 0.6 
0.0 0.0 0.8 
0.0 0.0 1.0 
0.0 0.0 1.2 
0.0 0.0 1.4 
0.0 0.0 1.6 
0.0 0.0 1.8 
0.0 0.0 2.0 
0.5 0.0 0.0 
0.5 0.0 0.2 
0.5 0.0 0.4 
0.5 0.0 0.6 
0.5 0.0 0.8 
0.5 0.0 1.0 
0.5 0.0 1.2 
0.5 0.0 1.4 
0.5 0.0 1.6 
0.5 0.0 1.8 
0.5 0.0 2.0 
1.0 0.0 0.2 
1.0 0.0 0.4 
1.0 0.0 0.6 
1.0 0.0 0.8 
1.0 0.0 1.0 
1.0 0.0 1.2 
1.0 0.0 1.4 
1.0 0.0 1.6 
1.0 0.0 1.8 
1.0 0.0 2.0 
1.5 0.0 0.0 
1.5 0.0 0.2 
1.5 0.0 0.4 
1.5 0.0 0.6 
1.5 0.0 0.8 
1.5 0.0 1.0 
1.5 0.0 1.2 
1.5 0.0 1.4 
1.5 0.0 1.6 
1.5 0.0 1.8 
1.5 0.0 2.0 
2.0 0.0 0.2 
2.0 0.0 0.4 
2.0 0.0 0.6 
2.0 0.0 0.8 
2.0 0.0 1.0 
2.0 0.0 1.2 
2.0 0.0 1.4 
2.0 0.0 1.6 
2.0 0.0 1.8 
2.0 0.0 2.0 
2.5 0.0 0.0 
2.5 0.0 0.2 
2.5 0.0 0.4 
2.5 0.0 0.6 
2.5 0.0 0.8 
2.5 0.0 1.0 
2.5 0.0 1.2 
2.5 0.0 1.4 
2.5 0.0 1.6 
2.5 0.0 1.8 
2.5 0.0 2.0 
3.0 0.0 0.2 
3.0 0.0 0.4 
3.0 0.0 0.6 
3.0 0.0 0.8 
3.0 0.0 1.0 
3.0 0.0 1.2 
3.0 0.0 1.4 
3.0 0.0 1.6 
3.0 0.0 1.8 
3.0 0.0 2.0 
3.5 0.0 0.0 
3.5 0.0 0.2 
3.5 0.0 0.4 
3.5 0.0 0.6 
3.5 0.0 0.8 
3.5 0.0 1.0 
3.5 0.0 1.2 
3.5 0.0 1.4 
3.5 0.0 1.6 
3.5 0.0 1.8 
3.5 0.0 2.0 
4.0 0.0 0.2 
4.0 0.0 0.4 
4.0 0.0 0.6 
4.0 0.0 0.8 
4.0 0.0 1.0 
4.0 0.0 1.2 
4.0 0.0 1.4 
4.0 0.0 1.6 
4.0 0.0 1.8 
4.0 0.0 2.0 
4.5 0.0 0.0 
4.5 0.0 0.2 
4.5 0.0 0.4 
4.5 0.0 0.6 
4.5 0.0 0.8 
4.5 0.0 1.0 
4.5 0.0 1.2 
4.5 0.0 1.4 
4.5 0.0 1.6 
4.5 0.0 1.8 
4.5 0.0 2.0 
5.0 0.0 0.2 
5.0 0.0 0.4 
5.0 0.0 0.6 
5.0 0.0 0.8 
5.0 0.0 1.0 
5.0 0.0 1.2 
5.0 0.0 1.4 
5.0 0.0 1.6 
5.0 0.0 1.8 
5.0 0.0 2.0 
5.5 0.0 0.0 
5.5 0.0 0.2 
5.5 0.0 0.4 
5.5 0.0 0.6 
5.5 0.0 0.8 
5.5 0.0 1.0 
5.5 0.0 1.2 
5.5 0.0 1.4 
5.5 0.0 1.6 
5.5 0.0 1.8 
5.5 0.0 2.0 
6.0 0.0 0.2 
6.0 0.0 0.4 
6.0 0.0 0.6 
6.0 0.0 0.8 
6.0 0.0 1.0 
6.0 0.0 1.2 
6.0 0.0 1.4 
6.0 0.0 1.6 
6.0 0.0 1.8 
6.0 0.0 2.0 
6.5 0.0 0.0 
6.5 0.0 0.2 
6.5 0.0 0.4 
6.5 0.0 0.6 
6.5 0.0 0.8 
6.5 0.0 1.0 
6.5 0.0 1.2 
6.5 0.0 1.4 
6.5 0.0 1.6 
6.5 0.0 1.8 
6.5 0.0 2.0 
7.0 0.0 0.2 
7.0 0.0 0.4 
7.0 0.0 0.6 
7.0 0.0 0.8 
7.0 0.0 1.0 
7.0 0.0 1.2 
7.0 0.0 1.4 
7.0 0.0 1.6 
7.0 0.0 1.8 
7.0 0.0 2.0 
7.5 0.0 0.0 
7.5 0.0 0.2 
7.5 0.0 0.4 
7.5 0.0 0.6 
7.5 0.0 0.8 
7.5 0.0 1.0 
7.5 0.0 1.2 
7.5 0.0 1.4 
7.5 0.0 1.6 
7.5 0.0 1.8 
7.5 0.0 2.0 
8.0 0.0 0.2 
8.0 0.0 0.4 
8.0 0.0 0.6 
8.0 0.0 0.8 
8.0 0.0 1.0 
8.0 0.0 1.2 
8.0 0.0 1.4 
8.0 0.0 1.6 
8.0 0.0 1.8 
8.0 0.0 2.0 
8.5 0.0 0.0 
8.5 0.0 0.2 
8.5 0.0 0.4 
8.5 0.0 0.6 
8.5 0.0 0.8 
8.5 0.0 1.0 
8.5 0.0 1.2 
8.5 0.0 1.4 
8.5 0.0 1.6 
8.5 0.0 1.8 
8.5 0.0 2.0 
9.0 0.0 0.2 
9.0 0.0 0.4 
9.0 0.0 0.6 
9.0 0.0 0.8 
9.0 0.0 1.0 
9.0 0.0 1.2 
9.0 0.0 1.4 
9.0 0.0 1.6 
9.0 0.0 1.8 
9.0 0.0 2.0 
9.5 0.0 0.0 
9.5 0.0 0.2 
9.5 0.0 0.4 
9.5 0.0 0.6 
9.5 0.0 0.8 
9.5 0.0 1.0 
9.5 0.0 1.2 
9.5 0.0 1.4 
9.5 0.0 1.6 
9.5 0.0 1.8 
9.5 0.0 2.0 
10.0 0.0 0.2 
10.0 0.0 0.4 
10.0 0.0 0.6 
10.0 0.0 0.8 
10.0 0.0 1.0 
10.0 0.0 1.2 
10.0 0.0 1.4 
10.0 0.0 1.6 
10.0 0.0 1.8 
10.0 0.0 2.0 
10.5 0.0 0.0 
10.5 0.0 0.2 
10.5 0.0 0.4 
10.5 0.0 0.6 
10.5 0.0 0.8 
10.5 0.0 1.0 
10.5 0.0 1.2 
10.5 0.0 1.4 
10.5 0.0 1.6 
10.5 0.0 1.8 
10.5 0.0 2.0 
11.0 0.0 0.2 
11.0 0.0 0.4 
11.0 0.0 0.6 
11.0 0.0 0.8 
11.0 0.0 1.0 
11.0 0.0 1.2 
11.0 0.0 1.4 
11.0 0.0 1.6 
11.0 0.0 1.8 
11.0 0.0 2.0 
11.5 0.0 0.0 
11.5 0.0 0.2 
11.5 0.0 0.4 
11.5 0.0 0.6 
11.5 0.0 0.8 
11.5 0.0 1.0 
11.5 0.0 1.2 
11.5 0.0 1.4 
11.5 0.0 1.6 
11.5 0.0 1.8 
11.5 0.0 2.0 
12.0 0.0 0.2 
12.0 0.0 0.4 
12.0 0.0 0.6 
12.0 0.0 0.8 
12.0 0.0 1.0 
12.0 0.0 1.2 
12.0 0.0 1.4 
12.0 0.0 1.6 
12.0 0.0 1.8 
12.0 0.0 2.0 
12.5 0.0 0.0 
12.5 0.0 0.2 
12.5 0.0 0.4 
12.5 0.0 0.6 
12.5 0.0 0.8 
12.5 0.0 1.0 
12.5 0.0 1.2 
12.5 0.0 1.4 
12.5 0.0 1.6 
12.5 0.0 1.8 
12.5 0.0 2.0 
13.0 0.0 0.2 
13.0 0.0 0.4 
13.0 0.0 0.6 
13.0 0.0 0.8 
13.0 0.0 1.0 
13.0 0.0 1.2 
13.0 0.0 1.4 
13.0 0.0 1.6 
13.0 0.0 1.8 
13.0 0.0 2.0 
13.5 0.0 0.0 
13.5 0.0 0.2 
13.5 0.0 0.4 
13.5 0.0 0.6 
13.5 0.0 0.8 
13.5 0.0 1.0 
13.5 0.0 1.2 
13.5 0.0 1.4 
13.5 0.0 1.6 
13.5 0.0 1.8 
13.5 0.0 2.0 
14.0 0.0 0.2 
14.0 0.0 0.4 
14.0 0.0 0.6 
14.0 0.0 0.8 
14.0 0.0 1.0 
14.0 0.0 1.2 
14.0 0.0 1.4 
14.0 0.0 1.6 
14.0 0.0 1.8 
14.0 0.0 2.0 
14.5 0.0 0.0 
14.5 0.0 0.2 
14.5 0.0 0.4 
14.5 0.0 0.6 
14.5 0.0 0.8 
14.5 0.0 1.0 
14.5 0.0 1.2 
14.5 0.0 1.4 
14.5 0.0 1.6 
14.5 0.0 1.8 
14.5 0.0 2.0 
15.0 0.0 0.2 
15.0 0.0 0.4 
15.0 0.0 0.6 
15.0 0.0 0.8 
15.0 0.0 1.0 
15.0 0.0 1.2 
15.0 0.0 1.4 
15.0 0.0 1.6 
15.0 0.0 1.8 
15.0 0.0 2.0 
15.5 0.0 0.0 
15.5 0.0 0.2 
15.5 0.0 0.4 
15.5 0.0 0.6 
15.5 0.0 0.8 
15.5 0.0 1.0 
15.5 0.0 1.2 
15.5 0.0 1.4 
15.5 0.0 1.6 
15.5 0.0 1.8 
15.5 0.0 2.0 
16.0 0.0 0.2 
16.0 0.0 0.4 
16.0 0.0 0.6 
16.0 0.0 0.8 
16.0 0.0 1.0 
16.0 0.0 1.2 
16.0 0.0 1.4 
16.0 0.0 1.6 
16.0 0.0 1.8 
16.0 0.0 2.0 
16.5 0.0 0.0 
16.5 0.0 0.2 
16.5 0.0 0.4 
16.5 0.0 0.6 
16.5 0.0 0.8 
16.5 0.0 1.0 
16.5 0.0 1.2 
16.5 0.0 1.4 
16.5 0.0 1.6 
16.5 0.0 1.8 
16.5 0.0 2.0 
17.0 0.0 0.2 
17.0 0.0 0.4 
17.0 0.0 0.6 
17.0 0.0 0.8 
17.0 0.0 1.0 
17.0 0.0 1.2 
17.0 0.0 1.4 
17.0 0.0 1.6 
17.0 0.0 1.8 
17.0 0.0 2.0 
17.5 0.0 0.0 
17.5 0.0 0.2 
17.5 0.0 0.4 
17.5 0.0 0.6 
17.5 0.0 0.8 
17.5 0.0 1.0 
17.5 0.0 1.2 
17.5 0.0 1.4 
17.5 0.0 1.6 
17.5 0.0 1.8 
17.5 0.0 2.0 
18.0 0.0 0.2 
18.0 0.0 0.4 
18.0 0.0 0.6 
18.0 0.0 0.8 
18.0 0.0 1.0 
18.0 0.0 1.2 
18.0 0.0 1.4 
18.0 0.0 1.6 
18.0 0.0 1.8 
18.0 0.0 2.0 
18.5 0.0 0.0 
18.5 0.0 0.2 
18.5 0.0 0.4 
18.5 0.0 0.6 
18.5 0.0 0.8 
18.5 0.0 1.0 
18.5 0.0 1.2 
18.5 0.0 1.4 
18.5 0.0 1.6 
18.5 0.0 1.8 
18.5 0.0 2.0 
19.0 0.0 0.2 
19.0 0.0 0.4 
19.0 0.0 0.6 
19.0 0.0 0.8 
19.0 0.0 1.0 
19.0 0.0 1.2 
19.0 0.0 1.4 
19.0 0.0 1.6 
19.0 0.0 1.8 
19.0 0.0 2.0 
19.5 0.0 0.0 
19.5 0.0 0.2 
19.5 0.0 0.4 
19.5 0.0 0.6 
19.5 0.0 0.8 
19.5 0.0 1.0 
19.5 0.0 1.2 
19.5 0.0 1.4 
19.5 0.0 1.6 
19.5 0.0 1.8 
19.5 0.0 2.0 
20.0 0.0 0.2 
20.0 0.0 0.4 
20.0 0.0 0.6 
20.0 0.0 0.8 
20.0 0.0 1.0 
20.0 0.0 1.2 
20.0 0.0 1.4 
20.0 0.0 1.6 
20.0 0.0 1.8 
20.0 0.0 2.0 
20.5 0.0 0.0 
20.5 0.0 0.2 
20.5 0.0 0.4 
20.5 0.0 0.6 
20.5 0.0 0.8 
20.5 0.0 1.0 
20.5 0.0 1.2 
20.5 0.0 1.4 
20.5 0.0 1.6 
20.5 0.0 1.8 
20.5 0.0 2.0 
21.0 0.0 0.2 
21.0 0.0 0.4 
21.0 0.0 0.6 
21.0 0.0 0.8 
21.0 0.0 1.0 
21.0 0.0 1.2 
21.0 0.0 1.4 
21.0 0.0 1.6 
21.0 0.0 1.8 
21.0 0.0 2.0 
21.5 0.0 0.0 
21.5 0.0 0.2 
21.5 0.0 0.4 
21.5 0.0 0.6 
21.5 0.0 0.8 
21.5 0.0 1.0 
21.5 0.0 1.2 
21.5 0.0 1.4 
21.5 0.0 1.6 
21.5 0.0 1.8 
21.5 0.0 2.0 
22.0 0.0 0.2 
22.0 0.0 0.4 
22.0 0.0 0.6 
22.0 0.0 0.8 
22.0 0.0 1.0 
22.0 0.0 1.2 
22.0 0.0 1.4 
22.0 0.0 1.6 
22.0 0.0 1.8 
22.0 0.0 2.0 
22.5 0.0 0.0 
22.5 0.0 0.2 
22.5 0.0 0.4 
22.5 0.0 0.6 
22.5 0.0 0.8 
22.5 0.0 1.0 
22.5 0.0 1.2 
22.5 0.0 1.4 
22.5 0.0 1.6 
22.5 0.0 1.8 
22.5 0.0 2.0 
23.0 0.0 0.2 
23.0 0.0 0.4 
23.0 0.0 0.6 
23.0 0.0 0.8 
23.0 0.0 1.0 
23.0 0.0 1.2 
23.0 0.0 1.4 
23.0 0.0 1.6 
23.0 0.0 1.8 
23.0 0.0 2.0 
